postfx_paramsfile version 1
9
pfx_default 0 0  128.000000 1.000000 1.350000 10.000000  0.900000 1.400000 1.200000 0.150000  1.000000 1.000000 2.000000 1.000000
pfx_sunny 0 0  128.000000 0.900000 1.250000 10.000000  0.850000 1.500000 1.100000 0.180000  1.000000 1.000000 2.800000 1.000000
pfx_map_params 0 0  128.000000 1.000000 1.250000 10.000000  0.700000 2.500000 1.200000 0.050000  1.000000 1.000000 2.400000 0.000000
pfx_indoors 0 0  128.000000 1.000000 1.250000 10.000000  0.600000 2.000000 1.500000 0.100000  0.480000 1.000000 1.600000 5.000000
pfx_sunset 0 0  128.000000 0.800000 1.100000 1.000000  0.500000 1.800000 1.400000 0.250000  1.000000 1.000000 2.000000 1.000000
pfx_night 0 0  128.000000 1.000000 1.250000 10.000000  0.700000 2.000000 1.200000 0.050000  1.000000 1.000000 2.400000 4.000000
pfx_cloudy 0 0  128.000000 1.000000 1.100000 0.000000  0.400000 2.000000 1.800000 0.200000  1.000000 1.000000 1.200000 2.000000
pfx_overcast 0 0  128.000000 1.000000 1.000000 0.000000  0.350000 2.500000 2.000000 0.100000  1.000000 1.000000 0.800000 3.000000
pfx_high_contrast 0 3  128.000000 1.000000 1.290000 10.000000  0.430000 2.000000 1.050000 0.050000  1.000000 1.000000 4.800000 1.000000
