42
tab_game_character_sheet 0 tableau_with_transparency 1024 1024 0 0 266 532 15 2133 2 144115188075856985 2 2133 2 144115188075856984 1 23 2 1224979098644774912 1 1985 1 4287137928 1987 3 10 11 15 2124 1 100 1989 5 0 40 40 0 100000 701 1 1 731 2 1 100 729 2 1 -20 730 2 1 -20 1980 5 12 1224979098644774912 1 0 0 731 2 1 200 1980 5 11 1224979098644774912 1 0 0 731 2 1 300 
tab_game_inventory_window 0 tableau_with_transparency 1024 1024 0 0 180 270 14 2133 2 144115188075856985 1 23 2 1224979098644774912 1 1985 1 4287137928 1987 3 10 11 15 2124 1 100 1989 5 0 40 40 0 100000 701 1 1 731 2 1 100 729 2 1 -20 730 2 1 -20 1980 5 14 1224979098644774912 1 0 0 731 2 1 200 1980 5 13 1224979098644774912 1 0 0 731 2 1 300 
tab_game_profile_window 0 tableau_with_transparency 1024 1024 0 0 320 480 22 2133 2 144115188075856985 1 23 2 1224979098644774912 1 2133 2 1224979098644774913 1224979098644774912 2109 2 1224979098644774913 2 4 0 31 2 1224979098644774913 0 2133 2 1224979098644774914 1 5 0 2133 2 1224979098644774914 2 3 0 1503 1 1224979098644774914 1985 1 4287137928 1987 3 10 11 15 2124 1 100 1989 5 0 40 40 0 100000 701 1 1 731 2 1 100 729 2 1 -20 730 2 1 -20 1980 5 16 1224979098644774914 1 0 0 731 2 1 200 1980 5 15 1224979098644774914 1 0 0 
tab_game_party_window 0 tableau_with_transparency 1024 1024 0 0 300 300 14 2133 2 144115188075856985 1 23 2 1224979098644774912 1 1985 1 4287137928 1987 3 10 11 15 2124 1 100 1989 5 0 40 40 0 100000 701 1 1 731 2 1 100 729 2 1 -20 730 2 1 -20 1980 5 18 1224979098644774912 1 0 0 731 2 1 200 1980 5 17 1224979098644774912 1 0 0 731 2 1 300 
tab_game_troop_label_banner 0 tableau_with_transparency 256 256 -128 0 128 256 16 2133 2 144115188075856985 1 23 2 1224979098644774912 1 1985 1 4287137928 2124 1 100 1989 5 0 100 100 0 100000 4 0 30 2 1224979098644774912 0 540 3 1224979098644774912 13 -1 1 11 396 1224979098644774912 0 0 5120 5120 10000 10000 10000 10000 0 5 0 1 2 338 1224979098644774912 2133 2 1224979098644774913 72057594037927936 701 1 1 730 2 1 120 1992 4 1224979098644774913 1 120 0 3 0 
tab_troop_tree_pic 0 tableau_with_transparency 1024 1024 0 0 700 800 5 2133 2 144115188075856985 1 23 2 1224979098644774912 1 1985 1 8947848 1987 3 10 11 15 1 2 347 1224979098644774912 
tab_troop_detail_dummy_pic 0 tableau_with_transparency 1024 1024 0 0 700 800 5 2133 2 144115188075856985 1 23 2 1224979098644774912 1 1985 1 8947848 1987 3 10 11 15 1 2 688 1224979098644774912 
tab_troop_note_color 0 mat_troop_portrait_color 1024 1024 0 0 400 400 5 2133 2 144115188075856985 1 23 2 1224979098644774912 1 1985 1 4291214228 1987 3 10 11 15 1 3 341 1224979098644774912 0 
tab_troop_note_alpha_mask 0 mat_troop_portrait_mask 1024 1024 0 0 400 400 6 2133 2 144115188075856985 1 23 2 1224979098644774912 1 1985 1 8947848 1987 3 10 11 15 1984 0 1 3 341 1224979098644774912 0 
tab_troop_kingdom_selection_color 0 mat_troop_portrait_color 1024 1024 0 0 400 400 5 2133 2 144115188075856985 1 23 2 1224979098644774912 1 1985 1 4291214228 1987 3 10 11 15 1 3 341 1224979098644774912 1 
tab_troop_kingdom_selection_alpha_mask 0 mat_troop_portrait_mask 1024 1024 0 0 400 400 6 2133 2 144115188075856985 1 23 2 1224979098644774912 1 1985 1 8947848 1987 3 10 11 15 1984 0 1 3 341 1224979098644774912 1 
tab_troop_character_alpha_mask 0 mat_troop_portrait_mask 1024 1024 0 0 400 400 6 2133 2 144115188075856985 1 23 2 1224979098644774912 1 1985 1 8947848 1987 3 10 11 15 1984 0 1 2 342 1224979098644774912 
tab_troop_character_color 0 mat_troop_portrait_color 1024 1024 0 0 400 400 5 2133 2 144115188075856985 1 23 2 1224979098644774912 1 1985 1 4292923313 1987 3 10 11 15 1 2 342 1224979098644774912 
tab_troop_inventory_alpha_mask 0 mat_troop_portrait_mask 1024 1024 0 0 400 400 6 2133 2 144115188075856985 1 23 2 1224979098644774912 1 1985 1 8947848 1987 3 10 11 15 1984 0 1 2 343 1224979098644774912 
tab_troop_inventory_color 0 mat_troop_portrait_color 1024 1024 0 0 400 400 5 2133 2 144115188075856985 1 23 2 1224979098644774912 1 1985 1 4285159482 1987 3 10 11 15 1 2 343 1224979098644774912 
tab_troop_profile_alpha_mask 0 mat_troop_portrait_mask 1024 1024 0 0 400 400 12 2133 2 144115188075856985 1 23 2 1224979098644774912 1 1985 1 8947848 1987 3 10 11 15 1984 0 4 0 1073741855 2 1224979098644774912 1 31 2 1224979098644774912 2 1 2 344 1224979098644774912 5 0 1 2 345 1224979098644774912 3 0 
tab_troop_profile_color 0 mat_troop_portrait_color 1024 1024 0 0 400 400 11 2133 2 144115188075856985 1 23 2 1224979098644774912 1 1985 1 4294567848 1987 3 10 11 15 4 0 1073741855 2 1224979098644774912 1 31 2 1224979098644774912 2 1 2 344 1224979098644774912 5 0 1 2 345 1224979098644774912 3 0 
tab_troop_party_alpha_mask 0 mat_troop_portrait_mask 1024 1024 0 0 400 400 6 2133 2 144115188075856985 1 23 2 1224979098644774912 1 1985 1 8947848 1987 3 10 11 15 1984 0 1 2 347 1224979098644774912 
tab_troop_party_color 0 mat_troop_portrait_color 1024 1024 0 0 400 400 5 2133 2 144115188075856985 1 23 2 1224979098644774912 1 1985 1 4290681970 1987 3 10 11 15 1 2 347 1224979098644774912 
tab_troop_note_mesh 0 tableau_with_transparency 1024 1024 0 0 350 350 15 2133 2 144115188075856985 1 23 2 1224979098644774912 1 1985 1 4287137928 1987 3 10 11 15 2124 1 100 1989 5 0 40 40 0 100000 701 1 1 731 2 1 100 729 2 1 -20 730 2 1 -20 1980 5 7 1224979098644774912 1 0 0 731 2 1 200 1980 5 8 1224979098644774912 1 0 0 731 2 1 300 1992 4 235 1 0 0 
tab_kingdom_selection_mesh 0 tableau_with_transparency 1024 1024 0 0 350 350 15 2133 2 144115188075856985 1 23 2 1224979098644774912 1 1985 1 4287137928 1987 3 10 11 15 2124 1 100 1989 5 0 40 40 0 100000 701 1 1 731 2 1 100 729 2 1 -20 730 2 1 -20 1980 5 9 1224979098644774912 1 0 0 731 2 1 200 1980 5 10 1224979098644774912 1 0 0 731 2 1 300 1992 4 235 1 0 0 
tab_center_note_mesh 0 tableau_with_transparency 1024 1024 0 0 200 200 32 2133 2 144115188075856985 1 23 2 1224979098644774912 1 2124 1 100 1985 1 8947848 1987 3 40 40 40 701 1 8 729 2 8 -210 730 2 8 200 731 2 8 300 1990 4 8 550 500 450 1989 5 1 10 10 10 10000 701 1 1 731 2 1 0 731 2 1 -500 701 1 1 730 2 1 -100 729 2 1 -100 731 2 1 100 725 2 1 200 1681 2 1224979098644774913 1224979098644774912 4 0 30 2 1224979098644774913 0 1994 3 1224979098644774913 1 0 3 0 701 1 5 729 2 5 -90 731 2 5 500 730 2 5 480 723 2 5 -90 725 2 5 180 723 2 5 -35 1988 1 5 
tab_faction_note_mesh_for_menu 0 pic_arms_rom 1024 512 0 0 450 225 13 2133 2 144115188075856985 1 23 2 1224979098644774912 1 1985 1 4294967295 2124 1 100 4 0 33 3 1224979098644774912 26 53 522 3 1224979098644774913 1224979098644774912 3 701 1 1 730 2 1 -5 729 2 1 -45 1992 4 1224979098644774913 1 0 0 1989 5 0 160 80 0 100000 3 0 
tab_faction_note_mesh 0 pic_arms_garamantes 1024 512 0 0 500 250 12 2133 2 144115188075856985 1 23 2 1224979098644774912 1 1985 1 4294967295 2124 1 100 4 0 33 3 1224979098644774912 26 53 522 3 1224979098644774913 1224979098644774912 3 701 1 1 730 2 1 -5 1992 4 1224979098644774913 1 0 0 1989 5 0 100 50 0 100000 3 0 
tab_minor_faction_note_mesh 0 pic_arms_nabataea 1024 512 0 0 500 250 13 2133 2 144115188075856985 1 23 2 1224979098644774912 1 1985 1 4294967295 2124 1 100 4 0 33 3 1224979098644774912 64 73 2120 3 1224979098644774913 181 1224979098644774912 2106 2 1224979098644774913 64 701 1 1 730 2 1 -5 1992 4 1224979098644774913 1 0 0 1989 5 0 100 50 0 100000 3 0 
tab_faction_note_mesh_banner 0 tableau_with_transparency 1024 1024 0 0 200 200 16 2133 2 144115188075856985 1 23 2 1224979098644774912 1 2124 1 100 4 0 522 3 1224979098644774913 1224979098644774912 10 30 2 1224979098644774913 0 520 3 1224979098644774914 1224979098644774913 13 2120 3 1224979098644774915 320 1 33 3 1224979098644774914 243 1224979098644774915 2106 2 1224979098644774914 243 2120 3 1224979098644774916 1224979098644774914 270 701 1 1 730 2 1 100 1992 4 1224979098644774916 1 0 0 1989 5 0 210 210 0 100000 3 0 
tab_2_factions_mesh 0 tableau_with_transparency 1024 1024 0 0 200 200 34 2133 2 144115188075856985 1 23 2 1224979098644774912 1 2119 3 1224979098644774913 1224979098644774912 128 2108 2 1224979098644774912 128 2105 2 1224979098644774912 25 2105 2 1224979098644774913 25 2124 1 100 4 0 522 3 1224979098644774914 1224979098644774912 10 30 2 1224979098644774914 0 520 3 1224979098644774915 1224979098644774914 13 2120 3 1224979098644774916 320 1 33 3 1224979098644774915 243 1224979098644774916 2106 2 1224979098644774915 243 2120 3 1224979098644774917 1224979098644774915 270 701 1 1 729 2 1 -50 730 2 1 100 1992 4 1224979098644774917 1 0 0 3 0 4 0 522 3 1224979098644774914 1224979098644774913 10 30 2 1224979098644774914 0 520 3 1224979098644774915 1224979098644774914 13 2120 3 1224979098644774916 320 1 33 3 1224979098644774915 243 1224979098644774916 2106 2 1224979098644774915 243 2120 3 1224979098644774917 1224979098644774915 270 701 1 1 729 2 1 50 730 2 1 100 1992 4 1224979098644774917 1 0 0 3 0 1989 5 0 210 210 0 100000 
tab_civil_war_factions 0 tableau_with_transparency 1024 1024 0 0 300 300 55 2133 2 144115188075856985 1 2124 1 100 4 0 522 3 1224979098644774912 49 10 30 2 1224979098644774912 0 520 3 1224979098644774913 1224979098644774912 13 2120 3 1224979098644774914 320 1 33 3 1224979098644774913 243 1224979098644774914 2106 2 1224979098644774913 243 2120 3 1224979098644774915 1224979098644774913 270 701 1 1 729 2 1 -30 730 2 1 100 1992 4 1224979098644774915 1 50 0 3 0 4 0 522 3 1224979098644774912 50 10 30 2 1224979098644774912 0 520 3 1224979098644774913 1224979098644774912 13 2120 3 1224979098644774914 320 1 33 3 1224979098644774913 243 1224979098644774914 2106 2 1224979098644774913 243 2120 3 1224979098644774915 1224979098644774913 270 701 1 1 729 2 1 30 730 2 1 100 1992 4 1224979098644774915 1 50 0 3 0 4 0 522 3 1224979098644774912 51 10 30 2 1224979098644774912 0 520 3 1224979098644774913 1224979098644774912 13 2120 3 1224979098644774914 320 1 33 3 1224979098644774913 243 1224979098644774914 2106 2 1224979098644774913 243 2120 3 1224979098644774915 1224979098644774913 270 701 1 1 729 2 1 -30 730 2 1 0 1992 4 1224979098644774915 1 50 0 3 0 4 0 522 3 1224979098644774912 52 10 30 2 1224979098644774912 0 520 3 1224979098644774913 1224979098644774912 13 2120 3 1224979098644774914 320 1 33 3 1224979098644774913 243 1224979098644774914 2106 2 1224979098644774913 243 2120 3 1224979098644774915 1224979098644774913 270 701 1 1 729 2 1 30 730 2 1 0 1992 4 1224979098644774915 1 50 0 3 0 1989 5 0 210 210 0 100000 
tab_color_picker 0 objects 32 32 0 0 0 0 10 2133 2 144115188075856985 1 23 2 1224979098644774912 1 2124 1 100 701 1 1 1992 4 0 1 0 0 722 2 1 1 720 2 1 -2 721 2 1 -2 1993 5 239 1 200 0 1224979098644774912 1989 5 0 20 20 0 100000 
tab_custom_banner_square_no_mesh 0 objects 512 512 0 0 300 300 5 2133 2 144115188075856985 1 23 2 1224979098644774912 1 2124 1 100 1 11 396 1224979098644774912 0 0 10000 10000 9800 9800 10000 10000 0 1989 5 0 100 100 0 100000 
tab_custom_banner_default 0 objects 512 256 0 0 0 0 8 2133 2 144115188075856985 1 23 2 1224979098644774912 1 2124 1 100 1 11 396 1224979098644774912 -9 -2 7450 19400 7200 18000 9000 10000 0 701 1 1 731 2 1 10 1992 4 76 1 0 0 1989 5 0 100 200 0 100000 
tab_custom_banner_tall 0 objects 512 256 0 0 0 0 8 2133 2 144115188075856985 1 23 2 1224979098644774912 1 2124 1 100 1 11 396 1224979098644774912 -9 12 8250 18000 8000 21000 10000 10000 0 701 1 1 731 2 1 10 1992 4 76 1 0 0 1989 5 0 100 200 0 100000 
tab_custom_banner_square 0 objects 256 256 0 0 0 0 8 2133 2 144115188075856985 1 23 2 1224979098644774912 1 2124 1 100 1 11 396 1224979098644774912 -11 10 7700 7700 7500 7500 8300 10000 0 701 1 1 731 2 1 10 1992 4 77 1 0 0 1989 5 0 100 100 0 100000 
tab_custom_banner_short 0 objects 256 512 0 0 0 0 8 2133 2 144115188075856985 1 23 2 1224979098644774912 1 2124 1 100 1 11 396 1224979098644774912 -10 0 8050 5000 4200 4800 6600 10000 0 701 1 1 731 2 1 10 1992 4 79 1 0 0 1989 5 0 100 50 0 100000 
tab_background_selection 0 objects 512 512 0 0 100 100 8 2133 2 144115188075856985 1 23 2 1224979098644774912 1 520 3 1224979098644774913 0 91 500 3 0 91 1224979098644774912 2124 1 100 1 11 396 0 0 0 10000 10000 9800 9800 10000 10000 0 1989 5 0 100 100 0 100000 500 3 0 91 1224979098644774913 
tab_positioning_selection 0 objects 512 512 0 0 100 100 8 2133 2 144115188075856985 1 23 2 1224979098644774912 1 520 3 1224979098644774913 0 98 500 3 0 98 1224979098644774912 2124 1 100 1 11 396 0 0 0 10000 10000 9800 9800 10000 10000 0 1989 5 0 100 100 0 100000 500 3 0 98 1224979098644774913 
tab_retired_troop_alpha_mask 0 mat_troop_portrait_mask 2048 2048 0 0 600 600 6 2133 2 144115188075856985 1 23 2 1224979098644774912 1 1985 1 8947848 1987 3 10 11 15 1984 0 1 2 346 1224979098644774912 
tab_retired_troop_color 0 mat_troop_portrait_color 2048 2048 0 0 600 600 5 2133 2 144115188075856985 1 23 2 1224979098644774912 1 1985 1 4293383065 1987 3 10 11 15 1 2 346 1224979098644774912 
tab_retirement_troop 0 tableau_with_transparency 2048 2048 0 0 600 600 13 2133 2 144115188075856985 1 23 2 1224979098644774912 1 1985 1 4287137928 1987 3 10 11 15 2124 1 100 1989 5 0 40 40 0 100000 701 1 1 731 2 1 100 729 2 1 -20 730 2 1 -20 1980 5 37 1224979098644774912 1 0 0 731 2 1 200 1980 5 36 1224979098644774912 1 0 0 
tab_dplmc_lord_profile 0 tableau_with_transparency 1024 1024 0 0 320 480 13 2133 2 144115188075856985 1 23 2 1224979098644774912 1 1985 1 4287137928 1987 3 10 11 15 2124 1 100 1989 5 0 40 40 0 100000 701 1 1 731 2 1 100 729 2 1 -20 730 2 1 -20 1980 5 16 1224979098644774912 1 0 0 731 2 1 200 1980 5 15 1224979098644774912 1 0 0 
tab_flag_pole_new 0 sample_roman_spears_banner 1024 1024 0 0 0 0 15 23 2 1224979098644774912 1 1 2 338 1224979098644774912 2133 2 1224979098644774913 72057594037927936 2124 1 100 701 1 1 723 2 1 180 729 2 1 -6 730 2 1 -41 729 2 2 62 730 2 2 70 1992 4 1224979098644774913 1 62 0 701 1 1 731 2 1 10 1992 4 494 1 0 0 1989 5 0 100 100 0 100000 
tab_draw_info_page_legion_banner 0 tableau_with_transparency 256 256 -128 0 128 256 14 2133 2 144115188075856985 1 23 2 1224979098644774912 1 2121 3 1224979098644774913 1224979098644774912 15 1 2 840 1224979098644774913 2133 2 1224979098644774914 72057594037927936 1985 1 16777215 2124 1 100 1989 5 0 100 100 0 100000 2106 2 1224979098644774914 243 2105 2 1224979098644774914 341 701 1 1 730 2 1 45 729 2 1 0 1992 4 1224979098644774914 1 85 0 
